726 516 726 522
722 516 726 516
770 479 770 516
726 516 770 516
870 516 870 622
770 516 870 516
870 506 870 516
927 412 935 412
935 412 935 434
935 434 935 471
1031 471 1031 477
1097 524 1107 524
1097 477 1097 524
1107 524 1107 555
1109 655 1139 655
1109 569 1109 655
1109 655 1109 683
1022 683 1022 698
1022 683 1079 683
966 661 966 683
966 683 1022 683
854 831 966 831
966 683 966 831
966 881 1017 881
966 831 966 881
1017 881 1017 891
1004 1004 1083 1004
1083 971 1083 1004
1083 1004 1083 1098
1179 1098 1179 1126
1109 1098 1179 1098
1179 1064 1206 1064
1179 1064 1179 1098
1206 1034 1278 1034
1206 1034 1206 1064
1286 1018 1286 1034
1278 1034 1286 1034
1343 1034 1343 1047
1286 1034 1343 1034
1412 1032 1412 1034
1323 904 1355 904
1355 900 1359 900
1355 900 1355 904
1355 904 1355 924
1568 901 1568 904
1355 904 1568 904
1568 904 1568 946
1717 982 1795 982
1846 1015 1846 1033
1847 849 1856 849
1847 849 1847 905
1856 818 1856 849
1782 705 1861 705
1593 607 1644 607
1644 607 1644 675
1644 467 1686 467
1644 467 1644 607
1599 467 1644 467
1398 458 1398 474
1398 458 1534 458
1354 446 1389 446
1389 334 1411 334
1389 334 1389 446
1411 204 1456 204
1411 204 1411 334
1411 182 1411 204
1225 182 1294 182
1166 403 1166 570
890 126 890 159
702 182 817 182
817 126 817 182
667 182 667 241
667 182 702 182
432 155 667 155
667 155 667 182
358 155 432 155
167 97 279 97
101 326 117 326
117 206 117 326
117 420 252 420
117 326 117 420
309 420 309 431
252 420 309 420
372 396 372 420
309 559 326 559
309 620 353 620
309 602 309 620
152 576 152 602
152 602 309 602
151 602 151 651
151 602 152 602
95 582 151 582
151 582 151 602
151 602 151 799
221 906 272 906
338 1021 381 1021
338 913 338 1021
230 1039 338 1039
338 1021 338 1039
218 1068 230 1068
230 1039 230 1068
230 1068 357 1068
457 1208 555 1208
457 1158 457 1208
576 1208 576 1248
555 1208 576 1208
576 1130 630 1130
576 1130 576 1208
562 1075 576 1075
576 1075 576 1130
576 1075 617 1075
697 1031 697 1047
709 912 709 1031
571 868 571 895
571 895 628 895
567 895 567 935
570 726 570 749
705 701 711 701
705 701 705 726
523 468 523 701
699 1258 819 1258
699 1198 699 1258
819 1324 841 1324
819 1258 819 1324
779 1366 819 1366
819 1324 819 1366
819 1384 822 1384
819 1366 819 1384
863 1384 863 1460
822 1384 863 1384
863 1269 968 1269
863 1269 863 1384
968 1236 1017 1236
968 1236 968 1269
1037 1215 1037 1236
1017 1236 1037 1236
1037 1299 1062 1299
1037 1236 1037 1299
998 1134 1037 1134
1037 1134 1037 1236
1340 1315 1341 1315
1447 1312 1466 1312
1783 1203 1783 1287
1683 1287 1783 1287
1783 1330 1898 1330
1783 1287 1783 1330
1898 1330 1931 1330
1888 1482 1931 1482
1931 1344 1931 1482
1931 1521 1977 1521
1931 1482 1931 1521
1931 1521 1931 1651
1822 1791 1850 1791
1822 1774 1822 1791
1696 1765 1696 1774
1696 1774 1822 1774
1667 1774 1667 1910
1667 1774 1696 1774
1667 1758 1667 1774
1522 1566 1564 1566
1522 1566 1522 1641
1479 1533 1479 1566
1479 1566 1522 1566
1432 1587 1479 1587
1479 1566 1479 1587
1401 1648 1432 1648
1432 1587 1432 1648
1313 1665 1401 1665
1401 1648 1401 1665
1232 1754 1313 1754
1313 1665 1313 1754
1194 1801 1232 1801
1232 1754 1232 1801
1232 1815 1247 1815
1232 1801 1232 1815
1247 1838 1262 1838
1247 1815 1247 1838
1262 1845 1316 1845
1262 1838 1262 1845
1316 1953 1321 1953
1275 1968 1316 1968
1316 1953 1316 1968
1261 1974 1275 1974
1275 1968 1275 1974
1130 1974 1130 1975
1130 1974 1261 1974
871 1717 972 1717
812 1700 836 1700
836 1700 836 1702
747 1700 812 1700
514 1696 594 1696
470 1660 470 1696
470 1696 514 1696
464 1767 470 1767
470 1767 470 1855
530 1873 535 1873
333 1876 333 1957
333 1957 393 1957
202 1989 333 1989
333 1957 333 1989
333 1711 344 1711
333 1711 333 1957
268 1420 333 1420
333 1420 442 1420
537 1394 577 1394
80 1266 80 1369
80 1369 132 1369
17 1396 80 1396
80 1369 80 1396
3 1707 17 1707
17 1396 17 1707
716 1707 716 1955
716 1600 1086 1600
1586 1447 1586 1452
1579 1447 1586 1447
1586 1080 1622 1080
1973 564 1979 564
1973 564 1973 1006
1876 465 1973 465
1973 465 1973 564
1829 358 1876 358
1876 358 1876 465
1876 194 1908 194
1876 194 1876 358
1908 123 1913 123
1908 123 1908 194
1844 59 1908 59
1908 59 1908 123
1831 59 1844 59
1032 26 1092 26
1092 21 1092 26
870 506 935 506
935 506 941 506
935 471 1031 471
935 471 935 506
935 434 935 471
1031 477 1092 477
1092 477 1097 477
1107 555 1109 555
1109 555 1139 555
1109 555 1109 569
1079 683 1092 683
1092 683 1109 683
1017 891 1083 891
1083 1098 1092 1098
1092 1098 1109 1098
1343 1034 1355 1034
1355 1034 1412 1034
1355 1034 1355 1147
1355 904 1355 924
1355 924 1355 1034
1256 924 1355 924
1568 946 1717 946
1717 946 1728 946
1717 946 1717 982
1795 1033 1795 1034
1795 1033 1846 1033
1846 952 1847 952
1847 952 1880 952
1847 905 1847 952
1846 952 1846 1006
1846 1006 1846 1015
1856 818 1861 818
1861 818 1881 818
1861 705 1861 818
1782 662 1782 675
1782 675 1782 705
1644 675 1782 675
1599 407 1599 458
1599 458 1599 467
1534 458 1599 458
1354 419 1354 446
1279 446 1354 446
1286 182 1294 182
1294 182 1411 182
1294 59 1294 182
1225 182 1225 307
1225 307 1225 324
1166 307 1166 403
1159 307 1166 307
869 279 890 279
890 159 890 279
1210 279 1210 307
1210 307 1225 307
1166 307 1210 307
804 126 817 126
817 126 890 126
817 73 817 126
358 13 358 97
358 97 358 155
279 97 358 97
167 97 167 206
167 206 167 256
117 206 167 206
309 420 326 420
326 420 372 420
326 420 326 559
309 559 309 602
309 602 309 607
280 602 309 602
151 799 221 799
221 799 280 799
221 799 221 906
272 906 272 913
272 913 272 928
272 913 338 913
357 1068 357 1158
357 1158 357 1271
357 1158 457 1158
617 1039 617 1047
617 1047 617 1075
617 1047 697 1047
697 1031 699 1031
699 1031 709 1031
699 1031 699 1198
709 912 715 912
715 912 754 912
628 895 699 895
567 895 570 895
570 895 571 895
456 749 570 749
570 749 570 895
570 739 570 749
570 726 699 726
699 726 705 726
523 701 699 701
699 701 705 701
1257 1236 1257 1315
1257 1315 1257 1403
1257 1315 1340 1315
1037 1236 1092 1236
1092 1236 1257 1236
1341 1307 1341 1312
1341 1312 1341 1315
1341 1312 1447 1312
1466 1244 1466 1307
1466 1307 1466 1312
1466 1307 1564 1307
1643 1257 1643 1287
1643 1287 1643 1307
1643 1287 1683 1287
1564 1307 1586 1307
1586 1307 1643 1307
1586 1080 1586 1307
1931 1330 1931 1344
1931 1344 1931 1391
1931 1344 1980 1344
1817 1651 1822 1651
1822 1651 1931 1651
1822 1651 1822 1774
1521 1758 1522 1758
1522 1758 1667 1758
1522 1641 1522 1758
1316 1845 1316 1919
1316 1919 1316 1953
1316 1919 1949 1919
898 1814 972 1814
972 1717 972 1814
1130 1919 1130 1974
1092 1919 1130 1919
871 1691 871 1702
871 1702 871 1717
836 1702 871 1702
747 1676 747 1696
747 1696 747 1700
514 1696 514 1707
514 1707 514 1726
514 1707 716 1707
470 1696 470 1707
470 1707 470 1767
530 1873 530 1957
530 1957 530 1962
393 1957 530 1957
279 1581 333 1581
333 1581 333 1587
333 1420 333 1581
333 1707 333 1711
442 1325 442 1355
442 1355 537 1355
537 1355 537 1369
537 1369 537 1394
716 1600 716 1696
716 1696 716 1707
716 1696 747 1696
1086 1600 1092 1600
1092 1600 1338 1600
1831 8 1831 21
1831 21 1831 59
1092 21 1831 21
1092 26 1092 279
1092 279 1210 279
890 279 1092 279
1083 891 1092 891
1092 891 1092 1098
1795 982 1795 1006
1795 1006 1795 1033
1389 458 1398 458
1389 458 1389 535
1389 446 1389 458
1166 570 1210 570
1210 570 1218 570
1210 570 1210 573
470 1855 535 1855
535 1855 537 1855
535 1855 535 1873
333 1587 412 1587
333 1587 333 1707
333 1581 333 1587
1338 1434 1338 1447
1338 1447 1338 1600
1338 1447 1579 1447
715 871 715 895
715 895 715 912
699 895 715 895
972 1814 1092 1814
1092 1814 1092 1919
442 1355 442 1369
442 1369 442 1420
132 1369 442 1369
