726 516
770 516
870 516
935 506
935 471
1109 555
1109 655
1022 683
966 683
966 831
1092 1098
1083 1004
1179 1098
1286 1034
1343 1034
1355 1034
1355 924
1355 904
1568 904
1717 946
1795 1033
1847 952
1861 818
1782 675
1644 607
1644 467
1599 458
1398 458
1389 458
1389 446
1354 446
1411 204
1294 182
1225 307
1210 307
1092 279
890 279
817 126
667 182
358 97
167 206
117 326
309 420
326 420
309 602
152 602
151 602
221 799
272 913
338 1021
230 1068
357 1158
576 1208
576 1130
576 1075
617 1047
699 1031
715 912
715 895
571 895
570 895
570 749
705 701
819 1324
819 1366
863 1384
1037 1236
1257 1315
1341 1312
1466 1307
1586 1307
1643 1287
1783 1287
1931 1344
1931 1482
1931 1521
1822 1651
1696 1774
1667 1774
1522 1758
1522 1566
1479 1566
1232 1801
1316 1919
1316 1953
1130 1974
1092 1814
972 1814
871 1702
747 1696
716 1696
716 1707
514 1707
514 1696
470 1696
470 1767
535 1855
530 1957
333 1957
333 1711
333 1587
333 1581
333 1420
442 1369
442 1355
80 1369
1338 1447
1092 26
1831 21
1908 123
1876 358
1973 564
1166 307
1210 570
