261 864 261 870
261 929 321 929
261 870 261 929
248 770 261 770
241 678 248 678
248 678 248 770
248 628 317 628
248 628 248 678
317 580 394 580
317 580 317 628
394 552 435 552
394 552 394 580
435 453 435 552
407 295 439 295
335 294 388 294
278 175 278 256
278 256 279 256
113 305 278 305
278 256 278 305
77 305 113 305
4 184 39 184
39 184 39 310
39 310 39 462
48 850 71 850
48 673 48 850
71 909 85 909
71 850 71 909
85 909 85 933
92 1023 92 1052
92 1023 131 1023
17 1017 17 1023
37 1201 61 1201
37 1129 37 1201
61 1286 180 1286
61 1201 61 1286
180 1306 218 1306
180 1286 180 1306
166 1396 180 1396
180 1306 180 1396
35 1414 127 1414
127 1414 127 1436
258 1436 258 1476
258 1422 279 1422
258 1422 258 1436
279 1422 321 1422
361 1353 361 1422
321 1422 361 1422
404 1422 404 1428
361 1422 404 1422
404 1272 433 1272
404 1272 404 1422
390 1219 404 1219
404 1219 404 1272
371 1219 390 1219
228 1123 294 1123
294 1123 294 1198
425 981 425 1123
294 1123 425 1123
425 1123 425 1129
493 1059 493 1129
662 989 681 989
662 989 662 996
681 902 732 902
681 902 681 989
624 777 681 777
681 777 681 902
681 777 718 777
802 737 802 760
798 760 802 760
802 784 855 784
802 760 802 784
888 784 888 856
855 784 888 784
888 784 951 784
951 727 951 784
985 700 1001 700
985 700 985 727
1001 690 1047 690
1001 690 1001 700
1000 606 1001 606
1001 606 1001 690
968 594 1000 594
1000 594 1000 606
1000 485 1025 485
1000 485 1000 594
1025 485 1041 485
1114 459 1114 484
1103 484 1114 484
1114 484 1179 484
1212 518 1279 518
1302 581 1323 581
1302 509 1302 581
1291 645 1302 645
1302 581 1302 645
1302 694 1348 694
1302 645 1302 694
1472 694 1472 695
1348 694 1472 694
1472 561 1492 561
1472 561 1472 694
1472 524 1472 561
1429 418 1436 418
1429 418 1429 430
1374 394 1429 394
1429 394 1429 418
1318 370 1318 394
1318 394 1374 394
1255 407 1318 407
1318 394 1318 407
1255 407 1255 432
1223 368 1255 368
1255 368 1255 407
1212 368 1223 368
1107 284 1107 333
1028 284 1028 301
1028 284 1098 284
1025 231 1025 284
1025 284 1028 284
961 360 1025 360
1025 284 1025 360
948 360 948 408
948 360 961 360
897 201 897 360
897 360 948 360
739 360 739 397
739 360 897 360
717 303 717 360
717 360 739 360
717 360 717 375
659 546 845 546
659 519 659 546
845 627 848 627
845 546 845 627
983 976 998 976
983 892 983 976
983 976 983 994
928 1079 928 1233
963 1396 963 1397
952 1396 963 1396
963 1277 1052 1277
1052 1202 1052 1277
1112 1202 1165 1202
1238 1279 1288 1279
1480 1299 1480 1369
1413 1096 1489 1096
1413 1096 1413 1142
1378 1041 1413 1041
1413 1041 1413 1096
1364 1008 1378 1008
1378 1008 1378 1041
1378 1004 1386 1004
1378 1004 1378 1008
1386 975 1426 975
1081 861 1081 869
1081 869 1296 869
734 1340 734 1388
734 1340 767 1340
706 1315 706 1340
706 1340 734 1340
635 1340 706 1340
576 1316 623 1316
623 1316 623 1432
508 851 576 851
461 851 508 851
450 202 450 766
853 0 853 93
558 93 853 93
853 103 1163 103
853 93 853 103
1199 103 1199 172
1163 103 1199 103
1199 25 1203 25
1199 25 1199 103
1232 11 1232 25
1203 25 1232 25
1457 25 1457 49
1232 25 1457 25
1394 236 1466 236
256 864 261 864
261 864 261 870
261 770 261 864
435 453 439 453
439 453 447 453
439 295 439 453
407 264 407 294
407 294 407 295
388 294 407 294
335 227 335 256
335 256 335 294
279 256 335 256
77 305 77 310
77 310 77 328
39 310 77 310
39 462 48 462
48 462 199 462
48 462 48 673
85 933 131 933
131 933 141 933
131 933 131 1023
17 1023 37 1023
37 1023 92 1023
37 1023 37 1129
86 1436 127 1436
127 1436 166 1436
127 1436 127 1481
166 1396 166 1436
166 1436 258 1436
127 1436 166 1436
371 1146 371 1198
371 1198 371 1219
294 1198 371 1198
425 1129 493 1129
493 1129 515 1129
493 1129 493 1192
493 1059 521 1059
521 1059 572 1059
521 1006 521 1059
580 977 580 996
580 996 580 1006
580 996 662 996
521 1006 576 1006
576 1006 580 1006
576 851 576 1006
718 710 718 760
718 760 718 777
718 760 798 760
951 727 968 727
968 727 985 727
1041 478 1041 484
1041 484 1041 485
1041 484 1103 484
1179 484 1179 518
1179 518 1179 539
1179 518 1212 518
1279 477 1279 509
1279 509 1279 518
1279 509 1302 509
1400 524 1429 524
1429 524 1472 524
1429 430 1429 524
1212 320 1212 333
1212 333 1212 368
1107 333 1212 333
1070 284 1098 284
1098 284 1107 284
1098 269 1098 284
606 375 659 375
659 375 717 375
659 375 659 519
968 892 983 892
968 892 968 894
968 727 968 892
927 994 928 994
928 994 983 994
928 994 928 1079
890 1233 914 1233
914 1233 928 1233
914 1233 914 1282
914 1370 952 1370
914 1282 914 1340
914 1340 914 1370
767 1340 914 1340
963 1370 963 1396
963 1370 982 1370
952 1370 963 1370
1165 1141 1165 1148
1165 1148 1165 1202
1238 1148 1238 1279
1238 1148 1263 1148
1165 1148 1238 1148
1408 1299 1413 1299
1413 1299 1480 1299
1413 1142 1413 1299
1386 975 1386 983
1386 983 1386 1004
1296 869 1296 983
1296 983 1386 983
1262 983 1296 983
635 1340 635 1432
635 1432 635 1435
623 1432 635 1432
461 831 461 850
461 850 461 851
450 766 450 850
450 850 461 850
441 850 450 850
1466 2 1466 10
1466 10 1466 25
1466 10 1494 10
1457 25 1466 25
1466 25 1466 236
1466 10 1466 25
1052 1202 1081 1202
1081 1202 1112 1202
1288 1279 1288 1299
1288 1299 1288 1331
1288 1299 1408 1299
450 202 558 202
558 202 567 202
558 93 558 202
963 1340 963 1370
963 1277 963 1340
