65 19 65 24
65 24 80 24
65 24 65 28
63 127 141 127
63 94 63 127
141 178 149 178
141 127 141 178
149 223 175 223
149 178 149 223
131 243 149 243
149 223 149 243
149 259 173 259
149 243 149 259
149 259 149 274
129 319 179 319
286 320 286 338
318 240 334 240
318 240 318 267
318 216 318 240
298 192 319 192
298 192 298 199
251 130 251 192
251 192 298 192
222 192 222 246
209 4 228 4
377 69 402 69
402 93 409 93
402 69 402 93
409 151 425 151
409 93 409 151
409 151 409 219
409 261 457 261
409 219 409 261
457 261 457 320
473 455 487 455
373 477 392 477
392 499 396 499
360 404 392 404
392 477 392 496
392 459 392 477
184 420 237 420
237 420 237 459
135 413 135 420
135 420 184 420
106 420 106 498
106 420 135 420
106 297 106 420
40 252 52 252
52 252 52 267
27 191 40 191
40 191 40 252
40 36 40 191
2 28 63 28
63 28 65 28
122 274 129 274
129 274 149 274
129 274 129 319
179 319 179 345
179 345 179 348
179 345 219 345
240 315 240 338
240 338 240 345
240 338 286 338
286 320 318 320
318 320 325 320
318 267 318 320
294 216 298 216
298 216 318 216
298 199 298 216
222 192 228 192
228 192 251 192
228 46 228 192
228 4 228 32
228 32 377 32
377 32 377 36
377 36 377 69
377 36 468 36
457 320 473 320
473 320 474 320
473 320 473 389
473 389 473 446
473 446 473 455
436 446 473 446
392 446 436 446
392 404 392 446
392 446 392 459
392 459 392 477
392 477 392 496
392 496 392 499
392 496 498 496
8 297 52 297
52 297 106 297
52 267 52 297
63 28 63 36
40 36 63 36
228 32 228 36
228 36 228 46
219 345 233 345
233 345 240 345
233 345 233 379
392 446 392 459
392 459 392 477
237 459 392 459
